1
2
3
4
5
6
7
8
9
10
11
12
13
14
15
16
17
18
19
20
21
22
23
24
25
26
27
28
29
30
31
32
33
34
35
36
37
38
39
40
41
42
43
44
45
46
47
48
49
50
51
52
53
54
55
56
57
58
59
60
61
62
63
64
65
66
67
68
69
70
71
72
73
74
75
76
77
78
79
80
81
82
83
84
85
86
87
88
89
90
91
92
93
94
95
96
97
98
99
100
101
102
103
104
105
106
107
108
109
110
111
112
1
2
113
3
114
115
4
116
117
5
6
118
7
119
8
120
9
121
10
122
11
12
123
124
13
125
14
126
15
127
16
17
128
18
129
19
130
20
131
21
132
22
133
23
134
24
135
136
25
26
137
27
138
28
139
29
140
141
30
31
142
143
32
144
33
145
34
35
146
36
147
37
148
38
149
39
150
40
151
41
152
42
153
43
154
155
44
45
46
156
47
157
48
49
50
158
159
51
160
52
161
53
54
162
55
56
163
57
164
58
59
165
60
166
167
61
168
169
170
62
171
63
172
64
173
65
66
174
67
175
68
176
69
70
177
71
178
72
179
180
73
181
74
182
183
